55828
55835
55839
55841
55842
55845
55850
55852
55859
55860
55861
55862
55864
55871
55872
55873
55874
55881
55882
55883
55892
55894
55897
55906
55910
55919
55922
55929
55931
55932
55939
1549
2375
55950
55951
55968
56015
56022
56023
56024
56033
56037
1723
1190
1720
56051
56061
56067
56075
56097
56101
56102
56103
56116
56119
56120
1752
56137
56171
56185
56192
56201
56202
56253
56260
56281
56285
56296
56297
56300
56305
56310
1686
56381
56384
56408
56409
56468
56506
56507
56516
56527
56529
56536
56537
56543
56545
56547
56549
56550
56561
56566
56569
56583
56585
56588
56593
56594
56598
56602
56608
56621
56623
56624
56637
56638
56639
56651
56695
56698
56699
56700
56709
56710
56745
56797
56798
56799
56802
56803
56816
56830
56831
56858
56859
56860
56863
56871
56873
56890
56901
56913
56914
56915
56926
56949
56966
56976
56977
56978
56979
56980
56983
56987
787
57010
57011
778
57033
57038
57039
843
57072
57073
57098
57099
57103
57104
57115
57116
57117
57121
57122
57131
57145
57170
57171
57172
57174
57177
57181
57182
57186
57187
57188
57197
57198
57199
57206
57207
57219
57234
57235
57240
57241
57245
57255
57256
57261
57262
57263
57272
57273
57281
57282
57287
57288
57299
57303
57306
57321
57323
57324
57337
57338
57357
57358
57362
57367
57370
57384
57389
57390
57397
57404
57405
57413
57414
57431
57432
57433
57434
57435
57437
57438
57448
57449
57453
57455
57456
57458
57459
57467
57479
57488
57509
57516
57527
57528
57535
57537
57546
57547
57558
57559
57568
57569
57571
57579
57580
57585
57589
57591
57592
57593
57605
57607
57608
57610
57612
57613
57622
57630
57632
57633
57637
57638
57643
57644
57646
57650
57655
57656
57659
57686
57696
57697
57707
57708
57713
57714
57715
57716
57717
57723
57724
57726
57733
57734
57742
57748
57749
57765
57766
57767
57768
57774
57775
57805
57806
57807
57808
57809
57810
57813
57822
57823
77456
2411
77466
77477
77478
77479
77480
77481
77483
77484
77485
77486
77493
77509
77517
772
773
776
779
788
77531
77550
77556
844
845
846
847
77561
77565
77569
1148
1197
1199
1228
1281
1282
1283
1271
1532
1533
77589
1635
1648
1665
1695
1697
1725
1721
1762
1764
1748
1799
1797
1901
1907
77623
2332
2388
2381
2412
2402
3071
57882
57883
57899
57934
57935
57943
57978
57979
57989
58003
58004
58018
58021
58026
58036
58044
58045
58077
58078
58085
58097
58098
58100
58115
58116
58117
58120
58172
58173
58176
58177
58178
58179
58233
58274
58275
58276
58280
58281
58301
58310
58311
58328
58337
58338
58339
58340
58352
58354
58363
58370
58377
58381
58392
58393
58394
58397
58445
58455
58456
58457
58460
58462
58490
58491
774
58507
58514
842
58545
58546
58575
58576
58580
58581
58593
58594
58595
58598
58599
58602
58608
58614
58615
58624
58650
58651
58653
58660
58661
58665
58666
58676
58677
58678
58686
58687
58711
58712
58717
58722
58731
58732
58736
58737
58738
58739
58746
58750
58751
58759
58760
58766
58778
58781
58791
58793
58795
58811
58812
58813
58814
58832
58833
58834
58839
58842
58859
58861
58865
58866
58876
58877
58885
58886
58893
58909
58910
58911
58912
58913
58915
58916
58929
58930
58936
58937
58938
58940
58941
58949
58965
58966
58985
58992
59003
59004
59006
59010
59014
59015
59016
59022
59023
59033
59043
59044
59045
59046
59054
59055
59056
59063
59065
59066
59067
59080
59081
59083
59086
59087
59097
59104
59105
59106
59107
59108
59113
59114
59118
59122
59123
59124
59128
59133
59134
59138
59163
59172
59176
59177
59187
59188
59192
59193
59194
59195
59202
59203
59206
59211
59212
59219
59225
59226
59240
59241
59242
59249
59250
59273
59274
59275
59276
59277
59278
59279
59291
59292
59357
59371
59385
59386
59387
59389
59466
59478
59483
59484
59494
59507
59523
775
59547
59548
59553
59573
59583
59586
59590
59591
59601
59602
59603
59607
59608
59622
59654
59663
59668
59675
59676
59678
59679
59688
59691
59704
59707
59711
59712
59719
59721
59800
59771
59781
59796
59873
59886
59891
59892
59902
59919
777
59937
59962
59963
59985
59992
59995
59996
60000
60008
60014
60015
60017
60024
60025
60036
60037
60065
60071
60072
60073
60081
60087
60094
60096
60098
60102
60109
60110
60116
60118
60119
60120
60123
60128
60130
60230
60233
60240
60327
60384
60402
60419
60454
60488
60489
60548
60605
60608
60628
60843
60844
60909
60913
60918
60919
60926
60957
60958
60971
60972
60973
60974
60975
60978
61013
61014
61020
61025
61039
61040
61086
61087
61128
61135
61136
61140
61185
61196
61210
61289
61290
61291
61295
61296
61297
61307
61312
61313
61314
61315
61316
61317
61318
61344
61347
61376
61383
61424
61428
61434
61450
61474
61478
61480
61490
61495
61502
61503
61504
61505
61509
61510
61511
61512
61513
61514
61515
61529
61530
61532
61533
61535
61537
61542
61553
61556
61570
61600
61607
61623
61627
61630
61632
61655
61677
61688
61718
61769
61772
61775
61776
61780
61808
61873
61874
61877
61884
61886
61888
61893
61907
61911
61920
61936
61940
61941
61946
61947
61953
61957
61959
61960
61962
61963
61965
61966
61968
61969
61979
61981
61984
61985
61988
62006
62010
62011
62013
62018
62019
62020
62021
62027
62028
62029
62032
62033
62034
62035
62037
62081
62088
62100
62101
62127
62128
62129
62132
62141
62147
62148
62154
62165
62177
62183
62190
62191
62193
62194
62195
62198
62200
62201
62204
62205
62206
62207
62225
62226
62227
62228
62229
62253
62258
62276
62281
62295
62316
62321
62333
62347
62351
62355
62356
62357
62358
62365
62366
62367
62369
62396
62459
62460
62463
62475
62476
62480
62483
62521
62522
62523
62528
62533
62534
62603
62605
62631
62632
62652
62657
62661
62696
62722
62723
62765
62766
62780
62796
62799
62802
62804
62903
62916
62917
62943
62944
62945
62948
62950
62951
62952
62953
62954
62961
62962
62966
62970
62971
62972
62973
62994
62995
62998
62999
63005
63006
63017
63019
63020
63022
63023
63025
63026
63041
63087
63115
63116
63118
63122
63123
63131
63133
63135
63139
63148
63152
63168
63169
63186
63221
63249
63280
63281
63327
63328
63332
63339
63365
63367
63371
63378
63414
63448
63467
63471
63570
63613
63615
63616
63621
63658
63767
63768
63773
63774
63775
63789
63810
63846
63878
63881
63924
63927
63951
63974
63995
64059
64060
64061
64062
64111
64115
64135
64136
64137
64148
64176
64177
64216
64217
64280
64382
64425
64478
64503
64508
64510
64511
64515
64521
64575
64578
64592
64594
64596
64597
64608
64619
64620
64681
64686
64699
64702
64704
64707
64711
64719
64721
64722
64726
64757
64773
64774
64785
64804
64818
64829
64831
64837
64861
64868
64887
64891
64892
64897
64898
1684
64926
1200
64957
64979
65027
65034
1798
1276
65057
65059
65064
65069
65070
1800
65100
65101
65104
65109
65110
65122
65133
65147
65158
65180
65188
65195
65211
65212
65215
1900
77638
77642
77643
77664
77671
77684
77686
77692
77693
77702
77706
77707
77716
77720
77721
77729
77741
77745
77751
77774
77776
77777
77798
77816
77818
77821
77823
1535
77856
77876
77877
77883
77884
77885
77897
1641
1758
77928
77936
78015
78021
78024
78033
1693
78038
78041
1278
78056
78075
78076
78157
3072
78224
78225
78236
78247
78250
78256
78258
78259
78296
78304
78322
78323
78330
78333
78350
78363
78377
78379
78410
78424
78439
78440
78456
78459
78461
78474
78475
78476
78478
78480
78483
78494
78508
78512
78536
3073
78582
78584
78586
78612
78618
78629
78663
1279
78700
78704
78722
78736
78737
78755
78756
78857
78859
78863
78866
78872
78873
78880
78910
78922
78925
78927
78939
78940
78944
78945
78948
78954
78955
78956
78957
78959
78960
78964
78974
78975
78976
78977
78981
78983
78984
78985
78999
79018
79031
79072
79076
79094
79095
79126
79137
79144
79154
79155
79156
79159
79176
79177
79180
79182
79183
79193
79195
79241
79242
79248
79250
79254
79263
79264
79277
79282
79283
79290
79291
79298
79301
79335
79354
79355
79356
79365
79366
79367
79368
79374
79375
79376
79381
79382
79383
79394
79407
79410
79415
79419
79420
79423
79431
79432
79439
79441
79442
79445
79447
79450
79451
79456
79458
79469
79472
79473
79474
79475
79476
79477
79514
79535
79559
79560
79562
79573
79575
79581
79582
79601
79602
79603
79604
79605
79609
79615
79639
79640
79649
79652
79677
79684
79685
79695
79703
79717
79721
79724
79730
79745
79748
79759
79760
79761
79762
79767
79777
79780
79792
79793
79821
79838
79846
79847
79848
79849
79864
79871
79875
79876
79881
79882
79888
79889
79894
79905
79907
79908
79911
79912
79914
79921
79922
79923
79924
79925
79928
79929
79931
79933
79935
79952
79953
79954
79961
79962
79977
79978
79979
79988
79995
79996
80035
80036
80037
80039
80041
80042
80044
80045
80046
80049
80050
80066
80078
80079
80080
80081
80088
80105
80110
80115
80120
80126
80127
80130
80133
80134
80135
80144
80145
80146
80156
80158
80159
80161
80162
80165
80169
80170
80171
80174
80175
80176
80177
80183
80189
80190
80193
80194
80195
80196
80199
80203
80209
80210
80262
80263
80270
80271
80272
80273
80275
80276
80277
80287
80290
80291
80293
80298
80299
80304
80305
80309
80313
80322
80324
80334
80337
80338
80339
80342
80345
80346
80358
80359
80360
80361
80364
80366
80368
80369
80370
80371
80399
80400
80412
80419
80420
80431
80432
80433
80434
80444
80445
80458
80459
80466
80467
80469
80470
80471
80474
80475
80477
80478
80482
80486
80487
80488
80494
80533
80547
80555
80558
80560
80566
80567
80568
80570
80577
80581
80587
80588
80591
80596
80597
80605
80606
80608
80609
80614
80622
80623
80642
80643
80670
80678
80680
80682
80683
80692
80693
80694
80715
80716
80717
80744
80752
80753
80814
80825
80828
80834
80835
80838
80839
80840
80847
80859
80860
80871
80872
80931
80937
80943
80945
80953
80965
80966
80973
80995
80997
80998
81021
81022
81023
81024
81026
81029
81035
81036
81043
81048
81049
81057
81058
81063
81064
81066
81067
81068
81070
81075
81076
81079
81080
81089
81092
81093
81099
81102
81105
81106
81111
81115
81116
81124
81127
81140
81146
81157
2341
81160
81166
81167
1683
81197
81255
81291
81313
81314
81347
81348
81349
81350
81351
81357
81360
81366
81376
81377
81380
81398
81399
81423
81424
81425
81439
81440
81445
81452
81456
81474
81490
81502
81508
81509
81513
81530
81534
81535
81537
81555
81560
81561
81562
81563
81565
81567
81580
81582
81586
81595
81596
81601
81612
81613
81645
81648
81654
81665
81671
81673
81674
81680
81682
81684
81686
81687
81688
81690
81691
81698
81699
81700
81702
81703
81704
81705
81706
81712
81719
81720
81726
81727
81729
81731
81786
81788
81841
81845
81846
81847
81856
81857
81859
81883
81884
81913
81921
81922
81943
81945
81967
81969
82010
82040
82041
82044
82045
82046
82047
82065
82096
82111
82171
82172
82173
82174
82175
82204
82206
82207
82217
82236
82285
82313
82322
82354
82382
82387
82414
82422
82423
82434
82437
82438
82440
82451
82456
82457
82470
82481
82489
82490
82505
82522
82524
82528
82529
82556
82591
82592
82619
82621
82634
82636
82637
82643
82656
82658
82696
1196
82748
82756
82757
82758
82775
1284
82800
1205
1651
82856
82869
82879
82894
82924
82942
82952
82964
82999
83036
83048
83057
83058
83061
83070
83071
83073
83075
83076
83080
83095
83123
83129
83134
83213
83215
83217
83223
83243
83251
83256
83257
83260
83261
83262
83265
83268
83269
83271
83274
83275
83284
83285
83287
83291
83292
83293
83301
83302
83332
83347
83355
83356
83357
83360
83387
83388
83396
83428
83429
83433
83437
83438
83444
83446
83457
83458
83459
83461
83465
83466
83467
83468
83469
83471
83472
83473
83474
83489
83526
83527
83545
83547
83550
83555
83557
83569
83593
83594
83598
83599
83621
83632
83633
83637
83649
83651
83652
83664
83665
83671
83675
83677
83678
83679
83682
83683
83685
83686
83694
83695
83696
83700
83701
83703
83709
83714
83726
83727
83728
83729
83730
83732
83733
83736
83737
83738
83741
83742
83751
83755
83756
83760
83764
83767
83768
83771
83772
83773
83774
83777
83803
83804
83805
83806
83807
83808
83810
83811
83812
83821
83828
83829
83832
83835
83843
83844
83856
83862
83864
83868
83869
83878
83880
83895
83905
83907
83917
83918
83936
83938
83940
83941
83943
83975
83977
83978
83989
83991
84001
84004
84007
84008
84009
84010
84013
84015
84016
84017
84018
84020
84023
84024
84037
84087
84090
84100
84103
84108
84109
84123
84126
84130
84131
84134
84137
84145
84147
84151
84156
84157
84158
84162
84164
84169
84172
84185
84190
84192
84200
84215
84241
84249
84253
84254
84259
84262
84264
84268
84270
84271
84274
84275
84279
84280
84281
84290
84311
84313
84317
84318
84319
84328
84330
84332
84336
84343
84349
84354
84359
84360
84363
84364
84366
84389
84390
84391
84402
84403
84404
84405
84408
84411
84415
84417
84421
84422
84423
84424
84429
84433
84440
84441
84445
84446
84456
84457
84462
84463
84466
84470
84474
84475
84479
84480
84486
84487
2318
84494
84500
1198
1280
84529
84530
1182
1747
1757
84551
1636
1546
1687
84569
84570
84586
84587
84639
84640
84642
84648
84649
84668
84672
84683
84688
84690
84702
84703
84707
84710
84711
84713
84721
84722
84724
84725
84748
84754
84766
84768
84772
84774
84776
84778
84793
84804
84809
84815
84826
84830
84833
84838
84841
84850
84851
84853
84854
84855
84856
84857
84860
84861
84866
84868
84869
84873
84881
84882
84885
84886
84888
84889
84890
84893
84895
84899
84901
84904
84907
84909
84910
84911
84921
84925
84937
84938
84950
84954
84959
84960
84961
84967
84970
85002
85008
85024
85026
85029
85032
85050
85057
85060
85063
85064
85066
85067
85069
85070
85071
85073
85075
85077
85083
85090
85116
85118
85121
85128
85133
85135
85137
85147
85150
85151
85152
85155
85157
85187
85189
85193
85194
85204
85206
85208
85213
85217
85218
85223
85224
85226
85228
85246
85249
85253
85255
85259
85260
85261
85273
85288
85291
85292
85300
85301
85305
85311
85316
85329
1694
1909
85392
1959
1609
1745
1224
1692
1272
85436
85443
85458
2374
85482
85483
85484
85486
85504
2398
85513
85515
85516
85517
85527
85532
85533
85535
85545
85546
85553
85554
85561
85567
85576
85578
85584
85603
85616
85625
85633
85634
85635
85636
85637
85638
85639
85646
85656
85657
85659
85660
85663
85664
85667
85673
85674
85678
85680
85682
85699
85704
85716
85717
85718
85721
85723
85726
85727
85728
85733
85737
85757
85758
85768
85769
85778
85780
85783
85798
85799
85803
85806
85807
85808
85809
85815
85820
85823
85825
85837
85845
85849
85852
1962
85884
85895
85903
85904
85915
85916
85917
85920
85921
85923
85928
85929
85934
85937
85940
85941
85942
85951
85969
85999
1650
1750
1755
1749
1679
1671
86057
86070
86076
86084
86086
86126
86127
86132
86137
86146
86147
86148
86165
86174
86183
86186
86188
86211
86212
86214
86220
86236
86242
86247
86248
86258
86285
86286
86304
86307
86322
86328
86329
86334
86339
86350
1685
1183
86389
1689
2413
86418
86422
86423
86441
86443
86449
86452
86480
86482
86483
86493
86518
86521
86527
86538
86551
86552
86559
86564
86566
86567
86585
86598
86604
86608
86611
86612
86617
86618
86620
1654
86650
86651
86658
86661
86672
86688
86693
86702
86708
86709
86712
86713
86731
86744
86749
86750
86755
86764
86768
86774
86775
86779
86781
86785
2367
86788
86791
86798
86800
86801
86811
86814
86816
86819
86822
86828
86829
1286
1647
1751
1652
1147
86845
86853
86856
86867
86876
86899
86935
86943
86944
86945
86952
86959
86960
86968
86981
86987
86992
1178
1754
1653
1218
87002
87003
87015
87016
87040
87065
87066
87074
87077
87100
87121
87133
87160
87172
87173
87176
87189
87197
87201
87202
87203
87204
87216
87219
87220
87223
87232
87234
87243
87247
87250
87256
87264
87265
87276
87283
87284
87285
87288
87296
87297
87298
87324
87328
87331
87340
87343
87346
87348
87349
87350
87351
87353
87354
87355
87360
87363
87364
87366
87367
87370
87373
87374
87379
87380
87381
87382
87385
87388
87392
87394
87395
87401
87402
87404
87407
87408
87410
87411
87412
87413
87416
87417
87420
87421
87422
87423
87424
87425
87426
87429
87432
87433
87434
87435
87440
87441
87444
87446
87447
87453
87456
87457
87458
87463
87469
87470
87471
87474
87479
87480
87488
87490
87491
87497
87500
87501
87502
87505
87506
87509
87513
87516
87519
87524
87525
87527
87529
87530
87531
87534
87539
87544
87550
87555
87564
87565
87570
87571
87573
87575
87577
87578
87579
87580
87582
87587
87591
87662
87663
87669
87670
87675
87676
87681
87688
87714
87717
87718
87723
87724
87747
87750
87751
87765
87768
87772
87773
87775
87776
87778
87784
87790
87791
87796
87808
87824
87837
87838
87860
87871
87887
87888
87914
87915
87916
87918
87919
87920
87921
87922
87926
87928
87937
87938
87939
87948
87958
87969
87970
87972
87986
87989
87990
87996
87997
88005
88023
88025
88039
88040
88041
88056
88073
88074
88097
88104
88106
88107
88112
88116
88117
88125
88130
88131
88137
88152
88154
88179
88180
88182
88183
88185
88205
88206
88211
88212
88218
88221
88224
88226
88229
88230
88239
88241
88243
88249
88250
88258
88261
88263
88266
88274
88275
88276
88277
88283
88284
88287
88288
88290
88292
88294
88295
88296
88298
88299
88300
88301
88302
88306
88308
88309
88310
88311
88316
88319
88320
88321
88324
88328
88329
88334
88336
88337
88338
88340
88341
88342
88354
88363
88364
88366
88367
88368
88371
88372
88373
88374
88375
88379
88381
88382
88396
88404
88405
88407
88411
88412
88436
88440
88444
88445
88446
88447
88448
88449
88452
88453
88458
88459
88460
88461
88462
88463
88464
88465
88466
88467
88483
88491
88493
88503
88504
88505
88510
88511
88512
88513
88514
88515
88516
88517
88519
88520
88530
88532
88558
88563
88573
88588
88597
88602
88604
88612
88615
88631
88638
88640
88644
88648
88649
88653
88654
88655
88656
88665
88666
88670
88671
88679
88680
88692
88693
88696
88702
88711
88725
88726
88728
88729
88741
88744
88752
88756
88757
88759
88766
88767
88779
88794
88797
88801
88810
88812
88819
88820
88831
88848
88868
88869
88871
88872
88873
88874
88884
88886
88897
88898
88908
88931
88932
88936
88942
88948
88949
88951
88954
88955
88958
88962
88965
88966
88980
88981
88997
89000
89007
89008
89012
89017
89018
89032
89033
89034
89038
89039
89085
89088
89089
89094
89103
89106
89107
89109
89110
89123
89126
89128
89145
89150
89151
89152
89153
89175
89176
89182
89183
89184
89185
89190
89192
89195
89198
89200
89201
89204
89212
89213
89214
89221
89222
89223
89231
89232
89233
89240
89245
89248
89281
89285
89286
89287
89288
89289
89290
89333
89337
89342
89343
89350
89351
89359
89360
89361
89362
89363
89365
89368
89373
89377
89383
89388
89389
89409
89410
89411
89418
89419
89420
89421
89422
89423
89424
89426
89438
89440
89451
89457
89458
89461
89463
89466
89473
89481
89482
89483
89484
89489
89490
89496
89498
89502
89506
89507
89513
89514
89520
89521
89523
89540
89543
89544
89545
89551
89553
89555
89556
89558
89560
89565
89568
89574
89580
89581
89584
89585
89587
89588
89589
89591
89599
89604
89605
89606
89611
89628
89629
89639
89644
89645
89646
89647
89648
89651
89652
89653
89654
89662
89663
89678
89679
89680
89682
89683
89685
89693
89703
89704
89724
89725
89726
89731
89732
89734
89738
89745
89746
89747
89755
89756
89757
89758
89759
89760
89762
89763
89768
89770
89771
89772
89788
89794
89805
89806
89814
89815
89818
89819
89827
89832
89838
89839
89840
89841
89842
89848
89853
89858
89861
89865
89866
89867
89870
89871
89872
89892
89896
89898
89899
89906
89909
89910
89913
89914
89926
89927
89933
89946
89947
89949
89950
89951
89961
89962
89977
89979
89980
89999
90000
90010
90012
90016
90026
90027
90030
90031
90032
90059
90085
90093
90098
90100
90101
90102
90105
90106
90108
90109
90115
90116
90118
90119
90120
90124
90128
90129
90131
90132
90136
90137
90138
90139
90140
90141
90142
90143
90152
90158
90159
90171
90172
90182
90183
90184
90185
90187
90188
90189
90208
90209
90210
90212
90213
90224
90227
90234
90237
90239
90249
90250
90254
90255
90256
90257
90258
90259
90261
90269
90276
90279
90280
90284
90285
90288
90289
90291
90292
90293
90300
90302
90304
90311
90312
90313
90314
90315
90316
90327
90328
90332
90350
90351
90366
90367
90368
90374
90379
90381
90388
90391
90394
90397
90400
90401
90404
90405
90409
90410
90412
90414
90415
90426
90431
90442
90448
90449
90457
90459
90461
90462
90469
90470
90471
90472
90473
90474
90476
90477
90479
90480
90491
90492
90493
90501
90503
90508
90510
90515
90517
90518
90521
90522
90525
90526
90527
90535
90536
90538
90539
90549
90558
90559
90569
90584
90585
90586
90601
90610
90611
90612
90616
90617
90620
90629
90636
90643
90644
90645
90649
90650
90654
90655
90660
90661
90663
90664
90683
90691
90693
90694
90706
90707
90738
90761
90762
90769
90771
90775
90776
90786
90787
90788
90795
90797
90798
90800
90813
90814
90815
90816
90827
90828
90845
90859
90860
90861
90862
90873
90874
90904
90915
90921
90925
90926
90928
90929
90932
90933
90939
90940
90941
90944
90945
90948
90955
90973
90978
90979
90987
91009
91010
91029
91041
91042
91054
91055
91061
91068
91073
91083
91084
91085
91086
91090
91091
91093
91094
91101
91110
91119
91127
91134
91135
91137
91141
91160
91161
91166
91171
91178
91179
91187
91205
91207
91211
91215
91216
91217
91218
91219
91220
91234
91244
91245
91246
91247
91254
91255
91259
91261
143808
143836
143956
143981
144053
144076
144079
144084
144102
144215
144278
144337
144440
144471
144505
144531
144572
144606
144618
144626
144628
144694
144736
144737
144768
144789
144811
144862
144887
144893
144898
144990
145021
145027
145113
145135
145156
145182
145208
145246
145271
145320
145417
145418
145434
145442
145475
145549
145626
145640
145657
145674
145704
145721
145749
145750
145828
145922
145927
145936
145939
145980
145994
146038
146093
146164
146177
146196
146264
146354
146383
146416
146423
146499
146526
146541
146610
146634
146777
146833
146866
146985
147054
147184
147200
147216
147293
147294
147351
147460
147501
147622
147630
147639
147665
147692
147748
147782
147792
147832
147838
147852
147858
147881
147882
147900
147985
148006
148016
148035
148042
148083
148091
148106
148135
148199
148258
148261
148504
148552
148697
148705
148706
148713
148834
148841
148890
148954
149027
149045
149147
149182
149265
149466
149509
149588
149610
149611
149614
149617
149647
149674
149684
149736
149766
149770
149902
149917
149939
149985
150009
150041
150047
150056
150067
150146
150208
150224
150230
150231
150251
150256
150291
150322
150350
150398
150419
150464
150469
150470
150537
150543
150732
150737
150752
150846
150852
150887
150932
150975
150986
150996
151063
151070
151075
151090
151096
151187
151246
151337
151367
151390
151458
151485
151486
151496
151507
151523
151555
151573
151632
151649
151764
151774
151775
151786
151808
151837
151846
151876
151879
151967
152048
152068
152096
152103
152119
152176
152183
152192
152232
152237
152246
152253
152291
152317
152325
152330
152359
152420
152485
152514
152528
152596
152637
152642
152643
152663
152824
152894
153056
153084
153101
153207
153215
153225
153338
153355
153375
153391
153426
153453
153499
153533
153557
153573
153650
153741
153742
153751
153842
153852
153944
153964
153989
154040
154055
154062
154079
154115
154255
154257
154325
154339
154364
154438
154448
154510
154535
154632
154654
154801
154815
154834
154838
154866
154885
154914
154933
154936
154942
154956
154959
155018
155144
155172
155174
155211
155226
155243
155337
155444
155451
155476
155516
155627
155752
155774
155796
155799
155824
155976
156001
156011
156021
156060
156091
156109
156171
156189
156202
156210
156248
156363
156446
156462
156472
156475
156648
156679
156690
156695
156700
156752
156754
156815
156816
156852
156909
156975
156997
157127
157177
157259
157317
157349
157398
157516
157522
157545
157645
157658
157663
157672
157676
157777
157858
157906
157923
157956
158032
158061
158076
158099
158173
158276
158354
158471
158490
158553
158589
158615
158709
158716
158789
158817
158820
158863
158952
158963
158975
158980
159066
159073
159077
159139
159175
159224
159244
159290
159324
159352
159371
159428
159461
159485
159601
159670
159690
159725
159775
159840
159910
159918
159945
159982
160138
160171
160177
160191
160204
160261
160364
160380
160400
160586
160727
160738
160854
160883
160929
160946
161025
161031
161093
161228
161248
161298
161340
161350
161404
161411
161454
161466
161490
161499
161517
161594
161635
161639
161646
161696
161715
161844
161876
161893
161941
161979
162005
162052
162107
162115
162140
162203
162296
162310
162363
162368
162378
162385
162498
162531
162552
162666
162777
162788
162907
162912
162960
162974
163099
163141
163166
163336
163386
163464
163565
163699
163794
163803
163853
163891
164015
164075
164110
164265
164280
164335
164339
164376
164460
164507
164668
164732
164759
164778
164858
165029
165031
165039
165063
165068
165072
165109
165160
165166
165169
165213
165235
165243
165389
165416
165443
165469
165472
165511
165526
165560
165605
165618
165681
165870
165894
165908
165966
165996
166006
166035
166051
166106
166160
166207
166232
166352
166426
166462
166471
166499
166524
166596
166629
166724
166888
166902
166939
166998
167135
167139
167142
167358
167490
167502
167644
167648
167655
167710
167724
167739
167767
167818
167829
167855
167871
167973
168119
168164
168182
168197
168205
168234
168246
168352
168363
168384
168397
168401
168416
168443
168447
168511
168528
168641
168676
168713
168721
168761
168800
168835
168900
168969
169008
169037
169039
169133
169171
169175
169222
169250
169295
169302
169421
169442
169537
169644
169654
169769
169812
169841
169897
378650
378651
378656
378666
378670
378676
378678
378679
378680
378692
378696
378712
378715
378722
378736
378744
378747
378759
378771
378790
378824
378935
378938
378944
378953
378958
379007
379008
379026
379030
379035
379038
379042
379043
379050
379051
379054
379061
379074
379077
379078
379084
379097
166610
379173
379175
379176
379179
379180
379182
379191
379201
379211
379225
379255
379261
379271
379281
379283
379284
379299
379300
379302
379322
379324
379335
379344
379359
379360
379362
379367
379370
379377
379380
379382
379386
379396
379407
379429
379432
379446
379447
379448
379458
379463
379465
379470
379475
379506
379511
379541
379582
379769
379839
379840
379862
379866
379886
379915
379939
379975
379976
379984
379990
379996
380005
380012
380020
380031
380055
380056
380062
380086
380112
380114
380118
380152
380157
380159
380161
380164
380166
380169
380181
380199
380209
380215
380217
380221
380225
380231
380239
380275
380329
380345
380346
380349
380361
380364
380379
380384
380393
380402
380411
380419
380422
380425
380426
380432
380433
380438
380476
380487
380519
380521
380523
380530
380531
380538
380539
380542
380545
380546
380553
380556
380563
380564
380575
380577
380579
380583
380587
380606
380609
380618
380623
380636
380640
380655
380656
380662
380671
380680
380706
380708
380716
380717
380718
380722
380727
380746
380751
380763
380764
380774
380779
380786
380810
380825
380861
380862
380884
380885
380889
380895
380903
380911
380929
380932
380936
380943
380944
380946
380959
380974
380992
381005
381015
381021
381030
381056
381057
381059
381064
381083
381085
381086
381087
381094
381098
381123
381139
381167
381174
381180
164090
381194
381212
381231
381235
381255
381263
381264
381266
381274
381279
381280
381282
381284
381290
381302
381313
381399
381403
381411
381417
381418
381422
168036
381437
381441
381472
381522
381527
381540
381570
381594
381599
381602
381610
381612
381615
381616
381623
381624
381626
381631
381632
381638
381656
381674
381677
381690
381745
381747
381753
381774
381776
381780
381782
381811
381815
381829
381835
381845
381847
381862
381869
381875
381880
381898
381908
381919
381924
381928
381932
381945
381953
381955
163393
381978
381979
381989
381990
381993
381998
382008
382017
382018
382020
382024
161366
382034
382035
382044
382051
382052
382053
382054
382066
382069
382074
382075
382083
382086
382088
382094
382099
382102
382111
382114
382116
382122
382133
382135
382136
382137
382138
382142
382145
382146
382148
382149
382159
382167
382174
382182
382190
382200
382203
382210
382211
382214
382225
382234
382247
382253
382268
382277
382282
382288
382299
382305
382310
382314
163457
382316
382322
382323
382325
382337
382343
382347
382352
382362
382363
382364
382365
382380
382381
382382
382386
382391
382394
382395
382404
382406
382410
382415
382422
382434
382436
382438
382441
382442
382444
382445
382446
382457
382458
382464
382472
382473
382477
382479
382493
382527
382545
382547
382551
382557
382560
382563
382566
382574
382575
382576
382581
382583
382587
382591
382594
382600
382615
382620
382622
382630
382631
382640
382647
382649
382656
382659
382660
382661
382662
382667
382674
382677
382679
382680
382689
382690
382698
382703
382706
382708
382723
382732
382733
382743
382744
382745
382748
382750
382766
382768
382771
382772
382776
382777
382782
382783
382786
382790
382793
382802
382803
382804
382808
382812
382817
382822
382836
382853
382863
382871
382878
382883
382884
382887
382896
382897
382901
382911
382912
382914
382918
382928
382932
382934
382935
382943
382945
382946
382947
382952
382958
382960
382962
382968
382971
382987
382998
383037
383044
383047
383056
383060
383066
383067
383069
383087
383088
383094
383102
383103
383107
383113
383114
383117
383128
383129
383133
383135
383137
383142
383145
383156
383167
383177
383190
383201
383203
383218
383223
383236
383238
383245
383246
383248
383258
383266
383276
383277
383279
383288
383290
383292
383302
383304
383305
383311
383316
383324
383330
383331
383339
383344
383354
383356
383358
383361
383367
383370
383373
383382
383390
383391
383397
383399
383402
383404
383409
383410
383411
383413
383414
383426
383433
383438
383442
383444
383446
383449
383450
383456
383457
383458
383463
383464
383466
383467
383470
383471
383472
383482
383484
383485
383486
383488
383489
383490
383491
383497
383499
383503
383506
383512
383514
383516
383521
383528
383535
383538
383540
383543
383551
383552
383556
383560
383561
383562
383565
383567
383572
383574
383575
383580
383581
383582
383588
383592
383595
383596
383598
383601
383603
383604
383607
383611
383612
383613
383615
383616
383617
383621
383622
383623
383626
383627
383628
383635
383641
383643
383644
383645
383646
383647
383651
383652
383653
383654
383656
383658
383659
383661
383662
383665
383673
383684
383686
383687
383688
383706
383709
383717
383725
383734
383738
383743
383752
383759
383778
383781
383784
383787
383790
383792
383805
383806
383808
383809
383812
383814
383816
383820
383823
383824
383825
383826
383844
383851
383853
383859
383860
383865
383868
383871
383878
383881
383887
383892
383895
383896
383897
383898
383899
383903
383904
383907
383911
383914
383917
383918
383940
383949
383950
383953
383960
383962
383965
383967
383968
383970
383971
383974
383977
383979
383980
383981
383986
384000
384001
384011
384019
384020
384021
384029
384031
384036
384039
384045
384046
384049
384050
384064
384069
384072
384073
384074
384076
384079
384094
384100
384110
384111
384112
384118
384119
384120
384121
384122
384125
384128
384131
384135
384140
384143
384154
384155
384157
384162
384165
384167
384168
384170
384171
384177
384182
384185
384189
384191
384192
384193
384195
384199
384202
384205
384209
384211
384216
384217
384237
384243
384244
384245
384247
384256
384259
384262
384263
384264
384270
384271
384275
384276
384277
384279
384283
384285
384288
384293
384297
384310
384313
384314
384317
384318
384319
384326
384328
384329
384332
384334
384349
384350
384356
384366
384368
384369
384372
384373
384375
384379
384380
384381
384382
384383
384384
384385
384392
384397
384402
384405
384406
384414
384420
384421
384428
384438
384442
384447
384448
384451
384454
384458
384459
384460
384462
384476
384482
384484
384486
384492
384496
384497
384512
384516
384517
384522
384526
384533
384535
384537
384539
384540
384541
384549
384559
384569
384574
384575
384577
384580
384582
384585
384588
384589
384599
384604
384610
384616
384617
384619
384623
384632
384639
384644
384646
384649
384657
384660
384661
384663
384665
384671
384672
384679
384681
384683
384690
384691
384693
384694
384704
384712
384719
384720
384724
384727
384729
384735
384738
384739
384740
384743
384744
384751
384754
384761
384774
384780
384783
384789
384792
384793
384799
384805
384807
384809
384818
384819
384820
384822
384840
384917
384969
384971
384979
384980
384984
384988
385010
385011
385012
385013
385014
385015
385019
385020
385021
385023
385027
385028
385029
385038
385042
385043
385045
385046
385048
385050
385051
385052
385053
385054
385055
385056
385057
385058
385059
385060
385062
385069
385072
385076
385077
385079
385080
385081
385083
385098
385101
385102
385106
385110
385112
385113
385116
385118
385123
385124
385125
385126
385127
385128
385129
385130
385132
385139
385142
385143
385144
385145
385146
385147
385148
385149
385152
385157
385160
385162
385164
385166
385169
385173
385179
385180
385181
385183
385184
385185
385186
385190
385192
385195
157978
385200
385213
385217
385218
385221
385224
385234
385248
385250
385251
385256
385258
385266
385267
385269
385272
385274
385276
385277
385278
385284
385296
385297
385299
385303
385310
385311
385312
385315
385316
385317
385322
385323
385336
385338
385350
385351
385352
385366
385370
385374
385378
385379
385380
385381
385382
385385
385387
385388
385389
385390
385393
385395
168965
385397
385413
385418
385421
385422
385427
385430
385433
385439
385464
385465
385469
385593
385646
385666
385667
385687
385695
385719
385721
385748
385759
385771
385868
385876
385914
385923
385941
385951
385952
385979
386021
386022
386025
386037
386057
386074
386101
386180
386215
386296
386330
386426
386445
386459
386470
386491
386523
386528
386533
386534
386587
386599
386603
386609
386612
386648
386678
386681
386703
386712
386722
386759
386768
386769
386788
386797
386798
386799
386801
386817
386821
386838
386847
386848
386866
386898
386906
386907
386912
386913
386921
386926
386937
386945
386946
386964
386971
386995
386997
387038
387039
387041
387052
387053
387054
387057
387058
387064
387075
387076
387077
387080
387081
387082
387085
387157
387178
387213
387214
387231
387263
387271
387285
387294
387323
387348
387380
387410
387430
387436
387437
387471
387475
387477
387536
387554
387558
387559
387563
387598
387600
387619
387633
387636
387663
387670
387700
387705
387734
387737
387745
387746
387747
387749
387750
157825
387839
387879
387882
387885
387886
387888
387903
387906
387907
387909
387922
387937
387938
387954
387963
387970
387976
388019
388021
388028
388032
388034
388052
388053
388054
388057
388077
388098
388101
388102
388103
388105
388108
388113
388114
388116
388117
388124
388127
388129
388146
388149
388158
388161
388163
388167
388172
388173
388181
388189
388190
388191
388198
388199
388200
388202
388203
388207
388210
388211
388212
388216
388219
388226
388227
388230
388238
388239
388240
388241
388242
388245
388248
388250
388251
388252
388253
388254
388256
388258
388261
388263
388264
388265
388269
388272
388273
388280
388282
388301
388302
388313
388314
388318
388319
388321
388322
388326
388328
388329
388348
388356
388358
388362
388365
388367
388370
388371
388373
388378
388381
388393
388401
388403
388407
388409
388411
388413
388415
388421
388422
388424
388432
388439
388443
388444
388446
388447
388450
388459
388471
388472
388473
388474
388479
388490
388492
388506
388507
388513
388517
388521
388523
388529
388535
388539
388540
388573
388575
388581
388585
388590
388592
388593
388595
388596
388608
388618
388622
388623
388642
388662
388663
388664
388666
388668
388669
388671
388672
388674
388676
388677
388678
388685
388686
388687
388688
388689
388690
388691
388694
388695
388696
388697
388698
388699
388700
388701
388714
388717
388724
388725
388727
388728
388729
388731
388733
388736
388737
388741
388747
388750
388752
388753
388758
388759
388761
388770
388771
388772
388774
388776
388779
388780
388781
388784
388787
388788
388790
388798
388811
388812
388814
388815
388816
388818
388820
388821
388822
388823
388827
388832
388834
388836
388837
388838
388839
388841
388842
388843
388845
388846
388847
388848
388851
388856
388857
388858
388864
388866
388872
388873
388874
388875
388876
388877
388881
158622
388883
388884
388887
388889
388892
388895
388916
388963
388965
388979
389129
389139
389158
389165
389171
389182
389183
389202
389208
389210
389242
389255
389262
389292
389321
389324
389391
389411
389426
389443
389454
389529
389537
389558
389583
389592
389604
389630
389632
389715
389749
389776
389806
389823
389838
389874
389903
389906
389907
389942
389954
389990
390010
390015
390068
390145
390247
390250
390256
390264
390270
390277
390280
390283
390285
390301
390302
390306
390315
390334
390355
390357
390360
390366
390375
390386
390388
390392
390403
390407
390435
390436
390440
390450
390455
390456
390457
390459
390464
390465
390466
390467
390468
390472
390473
390475
390478
390479
390480
390482
390483
390494
390495
390496
390499
390501
390506
390507
390508
390513
390516
390517
390520
390531
390532
390538
390541
390545
390556
390557
390558
390560
390562
390563
390564
390569
390573
390574
390575
390576
390577
390579
167283
390587
390591
390593
390602
390606
167501
390609
390610
390611
390613
390614
390615
390617
390618
390619
390620
390621
390623
166019
390624
390625
390626
390628
390629
390632
390633
390637
390638
390641
390649
390651
390652
157883
164854
390653
390654
390655
390656
390657
390658
390661
390662
390663
390664
390665
390666
390667
390668
390669
390670
390673
390675
390676
166682
390680
390681
390682
390684
390685
390687
390693
390694
390695
390696
390697
390701
390702
390703
390704
390705
390706
390708
390710
390711
390730
390731
390733
390734
390736
390750
390751
390758
390762
390777
390779
390780
159750
390788
162812
390797
390799
390803
390804
390805
390810
390814
390815
390822
390826
390828
390833
390842
390864
390870
390872
390873
390874
390909
390921
390924
390932
390947
390950
390951
390957
390959
390960
390962
168837
390965
390973
390974
390975
390976
390978
390979
390980
390982
390983
390985
390986
390987
390988
390990
390991
390992
390993
391005
391009
391011
391012
391013
391014
391018
391027
391032
391033
391034
391045
391046
391047
391049
391056
391060
162791
391063
391067
391069
391070
391076
391081
391084
391089
391090
391091
391095
391097
391098
391103
391105
391106
391110
391111
391112
391119
391124
391126
391129
391130
391136
391137
391140
391141
391142
391145
391147
391148
391152
391156
391158
391161
391166
391171
391172
391173
391175
391180
391181
391182
391183
391188
391190
163424
391203
391208
391209
391210
391211
391212
391213
391214
391217
391219
391221
391226
391227
391230
391231
391241
391245
391246
391248
391252
391253
391254
391255
391256
391257
391258
391259
391260
391263
391264
391266
391267
391268
391271
168955
391277
391280
391285
391286
391287
391291
391292
391293
391294
391298
391303
391333
391356
391362
391383
391384
391388
391389
391392
391394
391397
161718
391398
391399
391404
391408
391409
391410
391418
391419
391420
391421
391428
391429
391432
391434
391437
391440
391442
391444
391446
391447
391449
391451
391452
391453
391454
391456
391457
391464
391494
391505
391511
391560
391576
391588
391621
391622
391623
391626
391627
391629
391631
391632
391634
391636
391637
391639
391641
391642
391643
391649
391653
391667
391671
391680
391699
391700
391701
391703
391706
391709
391711
391712
391713
391714
391715
391718
391719
391720
391722
391723
391725
391730
391732
391739
391740
168756
391743
162489
391748
391750
391755
391757
391758
391764
391765
391781
391785
391786
391821
391837
391851
391874
391905
391915
391920
391946
391950
391960
391967
392005
392164
392180
392183
392188
392192
392198
392224
392232
392262
392273
392276
392278
392285
392287
392288
392289
392290
392291
392293
392295
392299
392304
392306
392309
392310
392311
392312
392313
392314
392315
392316
392320
392325
392329
392337
392362
392368
392380
392382
392383
392391
392393
392394
392395
392405
392406
392410
392412
392413
392433
392438
392446
392449
392450
392476
392496
392497
392498
392504
392518
392531
392533
392555
392557
392560
392566
392572
392573
392581
392584
392585
392586
392590
392592
392593
392594
392596
392597
392600
392608
392609
392655
392661
392663
392669
392670
392671
392672
392677
392688
392697
392733
392736
392737
392751
392754
392761
392763
392766
392782
392795
392805
392806
392807
392808
392809
392810
392813
392833
392836
392840
392843
392846
392847
392848
392849
392879
392882
392887
392888
392890
392894
392900
392905
392906
392910
392947
392949
392952
392953
392960
393000
393009
393019
393022
393023
393026
393035
393089
393101
393123
393130
393131
393149
393153
393154
393171
393181
393186
393188
393195
393200
393221
393234
393243
393244
393247
393250
393256
393258
393261
393262
393263
393273
393283
393306
393318
393320
393341
393342
393347
393352
393355
393356
393357
393372
393373
393375
393376
393378
393379
393395
393425
393427
393428
393431
393446
393447
393461
393466
393472
393475
393478
393479
161378
393482
393494
393508
393510
393526
393535
393559
393566
393577
393586
393602
393605
393609
393634
393640
393646
393672
393697
393698
393701
393703
393706
393720
393723
393724
393725
393726
393737
393738
393739
393740
393741
393747
393749
165064
393756
393757
393758
393759
393760
393761
393762
393768
393769
159294
393772
393774
393775
393777
393779
393780
393781
393782
393783
393784
393788
393789
393806
393807
393827
168933
393831
393833
393834
393835
393838
393839
393860
393917
393938
393940
393943
393950
393960
393961
393986
393989
394006
394008
