55841
55842
55845
55859
55860
55861
55862
55873
55881
55882
55922
1549
2375
55950
55951
55968
56015
56022
56023
56037
1723
1720
56051
56097
56102
56103
1752
56137
56185
56192
56201
56202
56253
1686
56506
56507
56561
56566
56830
56871
56873
56890
56914
56915
56987
787
57011
778
57033
57038
57039
843
57072
57073
57099
57104
57116
57117
57122
57235
57241
57261
57262
57263
57306
57527
57528
57546
57547
57568
57569
57571
57610
57638
57646
57650
57713
57726
57742
57765
57766
57813
77456
2411
77466
77477
77478
77479
77480
77483
77485
77486
77493
77509
77517
772
773
776
779
77531
77550
77556
844
845
846
847
77561
77565
1148
1197
1228
1281
1282
1283
1271
77589
1635
1648
1695
1697
1725
1721
1762
1764
1748
1799
1797
1901
77623
2332
2388
2381
2412
2402
3071
57934
57935
57978
57979
57989
58018
58036
58077
58085
58173
58233
58340
58352
58354
58377
58381
58393
58462
58490
774
58507
58514
842
58545
58546
58575
58576
58580
58581
58593
58594
58595
58598
58599
58614
58615
58624
58678
58711
58712
58717
58736
58737
58738
58739
58760
58781
58811
58812
58839
58937
58940
58941
59003
59004
59022
59023
59044
59045
59046
59083
59105
59106
59114
59122
59123
59124
59240
59241
59242
59371
59389
59483
59484
59523
775
59547
59654
59707
59711
59781
59891
59892
59902
777
59937
60072
60096
60118
60119
60120
60123
60605
60608
60628
60909
60913
60918
60978
61014
61086
61087
61128
61313
61314
61315
61376
61505
61513
61530
61535
61677
61688
61780
61808
61873
61874
61893
61907
61920
61941
61946
61947
61953
61957
61959
61960
61962
61965
61988
62011
62013
62081
62127
62129
62132
62141
62148
62154
62177
62226
62253
62281
62295
62316
62333
62355
62356
62366
62367
62369
62460
62480
62523
62528
62603
62605
62657
62661
62765
62766
62796
62799
62802
62903
62951
62952
62953
62954
62962
62966
63017
63019
63022
63023
63025
63026
63041
63123
63131
63135
63148
63168
63280
63281
63327
63365
63768
63773
63810
63924
64137
64148
64176
64216
64217
64280
64382
64425
64596
64597
64702
64785
64804
64829
64831
64837
64887
64892
1684
1200
64957
1798
1276
65057
65059
65069
65070
1800
65100
65101
65147
65158
65188
65195
65211
65212
65215
77642
77643
77671
77692
77693
77702
77707
77716
77720
77721
77729
77741
77745
77751
77774
77776
77777
77798
77818
77877
77883
77884
77885
77897
1641
1758
77936
78015
78021
78024
78033
1693
78038
78041
1278
78056
78075
78076
3072
78247
78250
78256
78296
78304
78322
78323
78330
78333
78350
78363
78377
78410
78439
78440
78456
78461
78474
78475
78476
78480
78483
78494
78508
78512
3073
78584
78586
78612
78629
78663
1279
78704
78722
78857
78859
78863
78866
78872
78925
78944
78954
78955
78959
78960
78964
78974
78975
78976
78977
78983
78984
78985
79018
79031
79137
79144
79154
79155
79159
79248
79250
79335
79355
79365
79366
79367
79368
79376
79382
79383
79407
79410
79431
79441
79442
79458
79475
79477
79535
79573
79575
79581
79609
79649
79684
79695
79703
79767
79777
79793
79838
79864
79871
79875
79876
79894
79908
79921
79922
79923
79952
79961
79962
79988
80035
80036
80037
80039
80041
80042
80044
80045
80046
80050
80066
80088
80133
80135
80156
80158
80169
80170
80171
80174
80175
80262
80263
80270
80271
80272
80273
80275
80276
80277
80287
80290
80291
80322
80334
80337
80358
80359
80360
80361
80364
80366
80368
80369
80444
80466
80474
80475
80477
80547
80555
80568
80577
80623
80678
80680
80693
80838
80839
80872
80931
80937
80943
80973
80998
81022
81023
81024
81026
81029
81043
81049
81057
81058
81064
81066
81068
81075
81076
81079
81080
81089
81093
81099
81102
81105
81106
2341
81160
81166
1683
81197
81291
81347
81360
81376
81377
81380
81398
81424
81425
81439
81440
81445
81530
81535
81562
81563
81601
81613
81645
81648
81665
81671
81674
81686
81687
81688
81690
81691
81698
81699
81700
81702
81703
81704
81705
81706
81712
81729
81731
81841
81847
81857
81859
81883
81884
81943
81969
82044
82111
82175
82204
82236
82285
82313
82434
82438
82470
82524
82556
82592
82619
82636
82637
82656
82658
82696
82748
82775
1284
82800
82924
82942
82964
82999
83048
83057
83058
83061
83073
83075
83076
83123
83129
83213
83215
83217
83223
83269
83271
83284
83287
83347
83355
83356
83387
83388
83471
83474
83569
83599
83632
83637
83649
83652
83677
83678
83682
83686
83694
83696
83701
83703
83726
83727
83729
83733
83736
83738
83742
83771
83803
83804
83805
83806
83808
83810
83811
83843
83864
83895
83905
83936
83943
83991
84004
84009
84010
84017
84087
84090
84100
84103
84108
84134
84145
84147
84158
84164
84172
84253
84254
84271
84274
84275
84279
84280
84281
84313
84332
84336
84343
84349
84363
84364
84366
84402
84403
84408
84423
84424
84486
2318
84494
84500
84529
1747
1757
84551
1546
1687
84569
84570
84640
84642
84648
84649
84672
84683
84707
84710
84713
84721
84722
84725
84793
84809
84815
84833
84841
84851
84853
84855
84857
84860
84861
84881
84886
84888
84893
84895
84904
84907
84925
84950
84960
84970
85029
85032
85057
85066
85067
85073
85075
85077
85116
85118
85137
85150
85151
85152
85155
85157
85189
85206
85218
85226
85246
85253
85259
85260
85329
1694
1909
1609
1745
1692
1272
85436
2374
85482
85486
85504
2398
85516
85517
85533
85535
85545
85633
85636
85639
85664
85678
85699
85723
85727
85757
85758
85803
85808
85852
1962
85904
85915
85916
85921
85929
85934
85941
85969
1650
1750
1755
86057
86086
86127
86188
86236
86350
1685
1183
86389
1689
2413
86423
86452
86493
86521
86552
86559
86567
86598
86618
1654
86650
86651
86693
86702
86708
86709
86712
86775
86781
2367
86788
86791
86814
1647
1751
1652
1147
86845
86853
86856
86867
86899
86945
86959
86960
1754
1653
87002
87003
87040
87121
87219
87223
87232
87250
87256
87276
87285
87296
87297
87298
87324
87328
87346
87354
87355
87360
87363
87364
87395
87401
87408
87411
87416
87417
87420
87422
87423
87424
87425
87432
87440
87441
87446
87447
87458
87463
87469
87479
87480
87500
87501
87502
87505
87506
87509
87516
87519
87524
87527
87564
87565
87571
87577
87578
87579
87580
87587
87591
87670
87750
87778
87860
87937
87969
87970
87990
88104
88180
88211
88218
88224
88241
88243
88258
88274
88275
88284
88287
88296
88298
88300
88301
88302
88306
88316
88324
88329
88354
88363
88364
88366
88367
88368
88371
88372
88373
88374
88375
88379
88381
88382
88396
88505
88519
88520
88612
88648
88649
88655
88693
88696
88752
89000
89007
89008
89017
89109
89213
89232
89233
89287
89288
89360
89361
89363
89422
89424
89506
89513
89514
89521
89628
89629
89703
89704
89724
89738
89745
89746
89759
89770
89771
89772
89788
89866
89867
89947
89949
89961
89977
89979
89980
90016
90093
90098
90182
90184
90185
90209
90210
90237
90388
90391
90410
90426
90442
90448
90449
90493
90503
90517
90518
90521
90522
90535
90538
90539
90549
90584
90585
90586
90601
90610
90611
90612
90620
90643
90654
90655
90664
90693
90761
90762
90786
90787
90813
90814
90862
90926
90932
90933
90987
91041
91042
91073
91090
91205
91211
91216
91217
91218
91219
91220
143836
144084
144102
144215
144278
144337
144471
144531
144736
144887
145027
145113
145156
145271
145320
145418
145640
145674
146416
146833
147293
147460
147501
147639
147692
147748
147858
148091
148106
148135
148258
149027
149265
149509
149617
149684
149917
149985
150041
150146
150208
150230
150231
150256
150469
150732
150852
150975
151063
151246
151523
151555
151573
151649
152103
152237
152253
152330
152359
152420
152514
152894
153207
153225
153557
153842
153944
153989
154055
154062
154632
154801
154914
154942
155211
155243
155444
155451
155516
156060
156171
156363
156997
157398
157522
157658
157663
157676
157777
158553
158589
158615
159073
159290
159428
159485
159601
159775
159982
160138
160191
160727
160738
161025
161031
161350
161517
161635
161696
161844
162052
162363
162531
162907
162960
163141
163565
164075
164460
164732
165063
165068
165109
165213
165416
165511
165894
165996
166106
166524
166998
167739
167767
167871
168182
168234
168352
168969
169302
169812
169841
378651
378656
378771
378953
379078
379255
379271
379284
379302
379432
379446
379840
379984
380062
380225
380364
380530
380575
380583
380708
380718
380810
380944
380992
381021
381059
381064
381087
381167
381174
381212
381263
381264
381274
381522
381540
381570
381594
381610
381615
381623
381624
381674
381811
381928
381953
382008
382035
382044
382052
382066
382086
382111
382116
382122
382133
382138
382146
382148
382149
163457
382343
382364
382380
382386
382404
382410
382436
382438
382441
382479
382493
382545
382574
382575
382581
382594
382615
382659
382660
382667
382674
382689
382690
382733
382748
382772
382783
382802
382808
382812
382958
382960
383044
383047
383056
383060
383066
383069
383094
383103
383129
383135
383137
383156
383190
383238
383245
383248
383266
383302
383304
383330
383339
383358
383367
383370
383402
383444
383446
383449
383450
383463
383464
383466
383470
383471
383482
383484
383485
383486
383488
383489
383499
383528
383540
383551
383560
383562
383565
383567
383581
383595
383601
383612
383613
383615
383616
383626
383635
383641
383651
383653
383661
383662
383673
383688
383709
383717
383725
383734
383738
383743
383759
383778
383781
383784
383792
383812
383823
383824
383825
383853
383860
383868
383878
383887
383896
383897
383907
383911
383914
383940
383950
383960
383965
383967
383968
383974
384000
384001
384011
384020
384021
384029
384039
384045
384064
384072
384073
384079
384094
384110
384111
384118
384121
384122
384135
384140
384154
384168
384170
384191
384192
384199
384209
384211
384217
384237
384245
384247
384275
384319
384366
384373
384381
384382
384383
384397
384402
384406
384428
384459
384482
384512
384522
384537
384539
384540
384541
384549
384559
384574
384585
384589
384599
384623
384694
384727
384729
384735
384751
384789
384792
384793
384799
384805
384818
384819
384820
384822
384917
384971
385011
385020
385029
385043
385124
385125
385149
385160
385162
385166
385183
385258
385366
385370
385385
385395
385413
385465
385469
385868
385923
386057
386426
386459
386470
386523
386528
386599
386912
386913
387041
387057
387064
387075
387076
387077
387263
387536
387554
387558
387559
387598
387700
387734
387737
387745
387746
387747
387750
387903
387938
387976
388028
388032
388034
388054
388149
388161
388219
388227
388238
388256
388258
388261
388280
388326
388381
388403
388407
388439
388443
388529
388540
388575
388581
388590
388622
388663
388666
388668
388674
388685
388687
388688
388689
388700
388701
388714
388717
388727
388737
388753
388772
388779
388780
388781
388784
388811
388814
388827
388836
388838
388841
388842
388845
388851
388874
388877
388881
388883
388887
388963
388979
389139
389158
389165
389202
389208
389443
389558
389604
389632
389749
389903
389990
390145
390247
390264
390270
390375
390388
390403
390459
390482
390508
390513
390564
390573
167283
390593
390610
390617
390618
390628
390651
164854
390654
390656
390657
390661
390662
390663
390665
390668
390669
390693
390694
390696
390701
390703
390704
390730
390751
390762
159750
390814
390833
390864
390873
390909
390947
390973
390974
390978
390979
390985
390990
391005
391014
391033
391076
391103
391124
391152
391156
391173
391175
391181
391182
391183
163424
391208
391211
391213
391217
391245
391255
391260
391263
391280
391333
391383
391384
391392
391394
391397
391399
391404
391409
391410
391418
391421
391444
391447
391449
391454
391576
391588
391621
391626
391634
391639
391642
391643
391653
391680
391703
391712
391713
391714
391720
391740
391743
391757
391758
391920
392287
392293
392295
392304
392325
392329
392362
392380
392393
392410
392438
392449
392450
392566
392572
392584
392585
392586
392609
392806
392847
392890
392905
392906
392949
392952
393089
393149
393153
393181
393250
393261
393263
393306
393342
393352
393355
393357
393510
393566
393740
159294
393788
393789
168933
393831
393833
393835
393838
393839
393860
393960
394006
394008
