55828
55835
55839
55850
55852
55864
55871
55872
55874
55883
55892
55894
55897
55906
55910
55919
55929
55931
55932
55939
56024
56033
1190
56061
56067
56075
56101
56116
56119
56120
56171
56260
56281
56285
56296
56297
56300
56305
56310
56381
56384
56408
56409
56468
56516
56527
56529
56536
56537
56543
56545
56547
56549
56550
56569
56583
56585
56588
56593
56594
56598
56602
56608
56621
56623
56624
56637
56638
56639
56651
56695
56698
56699
56700
56709
56710
56745
56797
56798
56799
56802
56803
56816
56831
56858
56859
56860
56863
56901
56913
56926
56949
56966
56976
56977
56978
56979
56980
56983
57010
57098
57103
57115
57121
57131
57145
57170
57171
57172
57174
57177
57181
57182
57186
57187
57188
57197
57198
57199
57206
57207
57219
57234
57240
57245
57255
57256
57272
57273
57281
57282
57287
57288
57299
57303
57321
57323
57324
57337
57338
57357
57358
57362
57367
57370
57384
57389
57390
57397
57404
57405
57413
57414
57431
57432
57433
57434
57435
57437
57438
57448
57449
57453
57455
57456
57458
57459
57467
57479
57488
57509
57516
57535
57537
57558
57559
57579
57580
57585
57589
57591
57592
57593
57605
57607
57608
57612
57613
57622
57630
57632
57633
57637
57643
57644
57655
57656
57659
57686
57696
57697
57707
57708
57714
57715
57716
57717
57723
57724
57733
57734
57748
57749
57767
57768
57774
57775
57805
57806
57807
57808
57809
57810
57822
57823
77481
77484
788
77569
1199
1532
1533
1665
1907
57882
57883
57899
57943
58003
58004
58021
58026
58044
58045
58078
58097
58098
58100
58115
58116
58117
58120
58172
58176
58177
58178
58179
58274
58275
58276
58280
58281
58301
58310
58311
58328
58337
58338
58339
58363
58370
58392
58394
58397
58445
58455
58456
58457
58460
58491
58602
58608
58650
58651
58653
58660
58661
58665
58666
58676
58677
58686
58687
58722
58731
58732
58746
58750
58751
58759
58766
58778
58791
58793
58795
58813
58814
58832
58833
58834
58842
58859
58861
58865
58866
58876
58877
58885
58886
58893
58909
58910
58911
58912
58913
58915
58916
58929
58930
58936
58938
58949
58965
58966
58985
58992
59006
59010
59014
59015
59016
59033
59043
59054
59055
59056
59063
59065
59066
59067
59080
59081
59086
59087
59097
59104
59107
59108
59113
59118
59128
59133
59134
59138
59163
59172
59176
59177
59187
59188
59192
59193
59194
59195
59202
59203
59206
59211
59212
59219
59225
59226
59249
59250
59273
59274
59275
59276
59277
59278
59279
59291
59292
59357
59385
59386
59387
59466
59478
59494
59507
59548
59553
59573
59583
59586
59590
59591
59601
59602
59603
59607
59608
59622
59663
59668
59675
59676
59678
59679
59688
59691
59704
59712
59719
59721
59800
59771
59796
59873
59886
59919
59962
59963
59985
59992
59995
59996
60000
60008
60014
60015
60017
60024
60025
60036
60037
60065
60071
60073
60081
60087
60094
60098
60102
60109
60110
60116
60128
60130
60230
60233
60240
60327
60384
60402
60419
60454
60488
60489
60548
60843
60844
60919
60926
60957
60958
60971
60972
60973
60974
60975
61013
61020
61025
61039
61040
61135
61136
61140
61185
61196
61210
61289
61290
61291
61295
61296
61297
61307
61312
61316
61317
61318
61344
61347
61383
61424
61428
61434
61450
61474
61478
61480
61490
61495
61502
61503
61504
61509
61510
61511
61512
61514
61515
61529
61532
61533
61537
61542
61553
61556
61570
61600
61607
61623
61627
61630
61632
61655
61718
61769
61772
61775
61776
61877
61884
61886
61888
61911
61936
61940
61963
61966
61968
61969
61979
61981
61984
61985
62006
62010
62018
62019
62020
62021
62027
62028
62029
62032
62033
62034
62035
62037
62088
62100
62101
62128
62147
62165
62183
62190
62191
62193
62194
62195
62198
62200
62201
62204
62205
62206
62207
62225
62227
62228
62229
62258
62276
62321
62347
62351
62357
62358
62365
62396
62459
62463
62475
62476
62483
62521
62522
62533
62534
62631
62632
62652
62696
62722
62723
62780
62804
62916
62917
62943
62944
62945
62948
62950
62961
62970
62971
62972
62973
62994
62995
62998
62999
63005
63006
63020
63087
63115
63116
63118
63122
63133
63139
63152
63169
63186
63221
63249
63328
63332
63339
63367
63371
63378
63414
63448
63467
63471
63570
63613
63615
63616
63621
63658
63767
63774
63775
63789
63846
63878
63881
63927
63951
63974
63995
64059
64060
64061
64062
64111
64115
64135
64136
64177
64478
64503
64508
64510
64511
64515
64521
64575
64578
64592
64594
64608
64619
64620
64681
64686
64699
64704
64707
64711
64719
64721
64722
64726
64757
64773
64774
64818
64861
64868
64891
64897
64898
64926
64979
65027
65034
65064
65104
65109
65110
65122
65133
65180
1900
77638
77664
77684
77686
77706
77816
77821
77823
1535
77856
77876
77928
78157
78224
78225
78236
78258
78259
78379
78424
78459
78478
78536
78582
78618
78700
78736
78737
78755
78756
78873
78880
78910
78922
78927
78939
78940
78945
78948
78956
78957
78981
78999
79072
79076
79094
79095
79126
79156
79176
79177
79180
79182
79183
79193
79195
79241
79242
79254
79263
79264
79277
79282
79283
79290
79291
79298
79301
79354
79356
79374
79375
79381
79394
79415
79419
79420
79423
79432
79439
79445
79447
79450
79451
79456
79469
79472
79473
79474
79476
79514
79559
79560
79562
79582
79601
79602
79603
79604
79605
79615
79639
79640
79652
79677
79685
79717
79721
79724
79730
79745
79748
79759
79760
79761
79762
79780
79792
79821
79846
79847
79848
79849
79881
79882
79888
79889
79905
79907
79911
79912
79914
79924
79925
79928
79929
79931
79933
79935
79953
79954
79977
79978
79979
79995
79996
80049
80078
80079
80080
80081
80105
80110
80115
80120
80126
80127
80130
80134
80144
80145
80146
80159
80161
80162
80165
80176
80177
80183
80189
80190
80193
80194
80195
80196
80199
80203
80209
80210
80293
80298
80299
80304
80305
80309
80313
80324
80338
80339
80342
80345
80346
80370
80371
80399
80400
80412
80419
80420
80431
80432
80433
80434
80445
80458
80459
80467
80469
80470
80471
80478
80482
80486
80487
80488
80494
80533
80558
80560
80566
80567
80570
80581
80587
80588
80591
80596
80597
80605
80606
80608
80609
80614
80622
80642
80643
80670
80682
80683
80692
80694
80715
80716
80717
80744
80752
80753
80814
80825
80828
80834
80835
80840
80847
80859
80860
80871
80945
80953
80965
80966
80995
80997
81021
81035
81036
81048
81063
81067
81070
81092
81111
81115
81116
81124
81127
81140
81146
81157
81167
81255
81313
81314
81348
81349
81350
81351
81357
81366
81399
81423
81452
81456
81474
81490
81502
81508
81509
81513
81534
81537
81555
81560
81561
81565
81567
81580
81582
81586
81595
81596
81612
81654
81673
81680
81682
81684
81719
81720
81726
81727
81786
81788
81845
81846
81856
81913
81921
81922
81945
81967
82010
82040
82041
82045
82046
82047
82065
82096
82171
82172
82173
82174
82206
82207
82217
82322
82354
82382
82387
82414
82422
82423
82437
82440
82451
82456
82457
82481
82489
82490
82505
82522
82528
82529
82591
82621
82634
82643
1196
82756
82757
82758
1205
1651
82856
82869
82879
82894
82952
83036
83070
83071
83080
83095
83134
83243
83251
83256
83257
83260
83261
83262
83265
83268
83274
83275
83285
83291
83292
83293
83301
83302
83332
83357
83360
83396
83428
83429
83433
83437
83438
83444
83446
83457
83458
83459
83461
83465
83466
83467
83468
83469
83472
83473
83489
83526
83527
83545
83547
83550
83555
83557
83593
83594
83598
83621
83633
83651
83664
83665
83671
83675
83679
83683
83685
83695
83700
83709
83714
83728
83730
83732
83737
83741
83751
83755
83756
83760
83764
83767
83768
83772
83773
83774
83777
83807
83812
83821
83828
83829
83832
83835
83844
83856
83862
83868
83869
83878
83880
83907
83917
83918
83938
83940
83941
83975
83977
83978
83989
84001
84007
84008
84013
84015
84016
84018
84020
84023
84024
84037
84109
84123
84126
84130
84131
84137
84151
84156
84157
84162
84169
84185
84190
84192
84200
84215
84241
84249
84259
84262
84264
84268
84270
84290
84311
84317
84318
84319
84328
84330
84354
84359
84360
84389
84390
84391
84404
84405
84411
84415
84417
84421
84422
84429
84433
84440
84441
84445
84446
84456
84457
84462
84463
84466
84470
84474
84475
84479
84480
84487
1198
1280
84530
1182
1636
84586
84587
84639
84668
84688
84690
84702
84703
84711
84724
84748
84754
84766
84768
84772
84774
84776
84778
84804
84826
84830
84838
84850
84854
84856
84866
84868
84869
84873
84882
84885
84889
84890
84899
84901
84909
84910
84911
84921
84937
84938
84954
84959
84961
84967
85002
85008
85024
85026
85050
85060
85063
85064
85069
85070
85071
85083
85090
85121
85128
85133
85135
85147
85187
85193
85194
85204
85208
85213
85217
85223
85224
85228
85249
85255
85261
85273
85288
85291
85292
85300
85301
85305
85311
85316
85392
1959
1224
85443
85458
85483
85484
85513
85515
85527
85532
85546
85553
85554
85561
85567
85576
85578
85584
85603
85616
85625
85634
85635
85637
85638
85646
85656
85657
85659
85660
85663
85667
85673
85674
85680
85682
85704
85716
85717
85718
85721
85726
85728
85733
85737
85768
85769
85778
85780
85783
85798
85799
85806
85807
85809
85815
85820
85823
85825
85837
85845
85849
85884
85895
85903
85917
85920
85923
85928
85937
85940
85942
85951
85999
1749
1679
1671
86070
86076
86084
86126
86132
86137
86146
86147
86148
86165
86174
86183
86186
86211
86212
86214
86220
86242
86247
86248
86258
86285
86286
86304
86307
86322
86328
86329
86334
86339
86418
86422
86441
86443
86449
86480
86482
86483
86518
86527
86538
86551
86564
86566
86585
86604
86608
86611
86612
86617
86620
86658
86661
86672
86688
86713
86731
86744
86749
86750
86755
86764
86768
86774
86779
86785
86798
86800
86801
86811
86816
86819
86822
86828
86829
1286
86876
86935
86943
86944
86952
86968
86981
86987
86992
1178
1218
87015
87016
87065
87066
87074
87077
87100
87133
87160
87172
87173
87176
87189
87197
87201
87202
87203
87204
87216
87220
87234
87243
87247
87264
87265
87283
87284
87288
87331
87340
87343
87348
87349
87350
87351
87353
87366
87367
87370
87373
87374
87379
87380
87381
87382
87385
87388
87392
87394
87402
87404
87407
87410
87412
87413
87421
87426
87429
87433
87434
87435
87444
87453
87456
87457
87470
87471
87474
87488
87490
87491
87497
87513
87525
87529
87530
87531
87534
87539
87544
87550
87555
87570
87573
87575
87582
87662
87663
87669
87675
87676
87681
87688
87714
87717
87718
87723
87724
87747
87751
87765
87768
87772
87773
87775
87776
87784
87790
87791
87796
87808
87824
87837
87838
87871
87887
87888
87914
87915
87916
87918
87919
87920
87921
87922
87926
87928
87938
87939
87948
87958
87972
87986
87989
87996
87997
88005
88023
88025
88039
88040
88041
88056
88073
88074
88097
88106
88107
88112
88116
88117
88125
88130
88131
88137
88152
88154
88179
88182
88183
88185
88205
88206
88212
88221
88226
88229
88230
88239
88249
88250
88261
88263
88266
88276
88277
88283
88288
88290
88292
88294
88295
88299
88308
88309
88310
88311
88319
88320
88321
88328
88334
88336
88337
88338
88340
88341
88342
88404
88405
88407
88411
88412
88436
88440
88444
88445
88446
88447
88448
88449
88452
88453
88458
88459
88460
88461
88462
88463
88464
88465
88466
88467
88483
88491
88493
88503
88504
88510
88511
88512
88513
88514
88515
88516
88517
88530
88532
88558
88563
88573
88588
88597
88602
88604
88615
88631
88638
88640
88644
88653
88654
88656
88665
88666
88670
88671
88679
88680
88692
88702
88711
88725
88726
88728
88729
88741
88744
88756
88757
88759
88766
88767
88779
88794
88797
88801
88810
88812
88819
88820
88831
88848
88868
88869
88871
88872
88873
88874
88884
88886
88897
88898
88908
88931
88932
88936
88942
88948
88949
88951
88954
88955
88958
88962
88965
88966
88980
88981
88997
89012
89018
89032
89033
89034
89038
89039
89085
89088
89089
89094
89103
89106
89107
89110
89123
89126
89128
89145
89150
89151
89152
89153
89175
89176
89182
89183
89184
89185
89190
89192
89195
89198
89200
89201
89204
89212
89214
89221
89222
89223
89231
89240
89245
89248
89281
89285
89286
89289
89290
89333
89337
89342
89343
89350
89351
89359
89362
89365
89368
89373
89377
89383
89388
89389
89409
89410
89411
89418
89419
89420
89421
89423
89426
89438
89440
89451
89457
89458
89461
89463
89466
89473
89481
89482
89483
89484
89489
89490
89496
89498
89502
89507
89520
89523
89540
89543
89544
89545
89551
89553
89555
89556
89558
89560
89565
89568
89574
89580
89581
89584
89585
89587
89588
89589
89591
89599
89604
89605
89606
89611
89639
89644
89645
89646
89647
89648
89651
89652
89653
89654
89662
89663
89678
89679
89680
89682
89683
89685
89693
89725
89726
89731
89732
89734
89747
89755
89756
89757
89758
89760
89762
89763
89768
89794
89805
89806
89814
89815
89818
89819
89827
89832
89838
89839
89840
89841
89842
89848
89853
89858
89861
89865
89870
89871
89872
89892
89896
89898
89899
89906
89909
89910
89913
89914
89926
89927
89933
89946
89950
89951
89962
89999
90000
90010
90012
90026
90027
90030
90031
90032
90059
90085
90100
90101
90102
90105
90106
90108
90109
90115
90116
90118
90119
90120
90124
90128
90129
90131
90132
90136
90137
90138
90139
90140
90141
90142
90143
90152
90158
90159
90171
90172
90183
90187
90188
90189
90208
90212
90213
90224
90227
90234
90239
90249
90250
90254
90255
90256
90257
90258
90259
90261
90269
90276
90279
90280
90284
90285
90288
90289
90291
90292
90293
90300
90302
90304
90311
90312
90313
90314
90315
90316
90327
90328
90332
90350
90351
90366
90367
90368
90374
90379
90381
90394
90397
90400
90401
90404
90405
90409
90412
90414
90415
90431
90457
90459
90461
90462
90469
90470
90471
90472
90473
90474
90476
90477
90479
90480
90491
90492
90501
90508
90510
90515
90525
90526
90527
90536
90558
90559
90569
90616
90617
90629
90636
90644
90645
90649
90650
90660
90661
90663
90683
90691
90694
90706
90707
90738
90769
90771
90775
90776
90788
90795
90797
90798
90800
90815
90816
90827
90828
90845
90859
90860
90861
90873
90874
90904
90915
90921
90925
90928
90929
90939
90940
90941
90944
90945
90948
90955
90973
90978
90979
91009
91010
91029
91054
91055
91061
91068
91083
91084
91085
91086
91091
91093
91094
91101
91110
91119
91127
91134
91135
91137
91141
91160
91161
91166
91171
91178
91179
91187
91207
91215
91234
91244
91245
91246
91247
91254
91255
91259
91261
143808
143956
143981
144053
144076
144079
144440
144505
144572
144606
144618
144626
144628
144694
144737
144768
144789
144811
144862
144893
144898
144990
145021
145135
145182
145208
145246
145417
145434
145442
145475
145549
145626
145657
145704
145721
145749
145750
145828
145922
145927
145936
145939
145980
145994
146038
146093
146164
146177
146196
146264
146354
146383
146423
146499
146526
146541
146610
146634
146777
146866
146985
147054
147184
147200
147216
147294
147351
147622
147630
147665
147782
147792
147832
147838
147852
147881
147882
147900
147985
148006
148016
148035
148042
148083
148199
148261
148504
148552
148697
148705
148706
148713
148834
148841
148890
148954
149045
149147
149182
149466
149588
149610
149611
149614
149647
149674
149736
149766
149770
149902
149939
150009
150047
150056
150067
150224
150251
150291
150322
150350
150398
150419
150464
150470
150537
150543
150737
150752
150846
150887
150932
150986
150996
151070
151075
151090
151096
151187
151337
151367
151390
151458
151485
151486
151496
151507
151632
151764
151774
151775
151786
151808
151837
151846
151876
151879
151967
152048
152068
152096
152119
152176
152183
152192
152232
152246
152291
152317
152325
152485
152528
152596
152637
152642
152643
152663
152824
153056
153084
153101
153215
153338
153355
153375
153391
153426
153453
153499
153533
153573
153650
153741
153742
153751
153852
153964
154040
154079
154115
154255
154257
154325
154339
154364
154438
154448
154510
154535
154654
154815
154834
154838
154866
154885
154933
154936
154956
154959
155018
155144
155172
155174
155226
155337
155476
155627
155752
155774
155796
155799
155824
155976
156001
156011
156021
156091
156109
156189
156202
156210
156248
156446
156462
156472
156475
156648
156679
156690
156695
156700
156752
156754
156815
156816
156852
156909
156975
157127
157177
157259
157317
157349
157516
157545
157645
157672
157858
157906
157923
157956
158032
158061
158076
158099
158173
158276
158354
158471
158490
158709
158716
158789
158817
158820
158863
158952
158963
158975
158980
159066
159077
159139
159175
159224
159244
159324
159352
159371
159461
159670
159690
159725
159840
159910
159918
159945
160171
160177
160204
160261
160364
160380
160400
160586
160854
160883
160929
160946
161093
161228
161248
161298
161340
161404
161411
161454
161466
161490
161499
161594
161639
161646
161715
161876
161893
161941
161979
162005
162107
162115
162140
162203
162296
162310
162368
162378
162385
162498
162552
162666
162777
162788
162912
162974
163099
163166
163336
163386
163464
163699
163794
163803
163853
163891
164015
164110
164265
164280
164335
164339
164376
164507
164668
164759
164778
164858
165029
165031
165039
165072
165160
165166
165169
165235
165243
165389
165443
165469
165472
165526
165560
165605
165618
165681
165870
165908
165966
166006
166035
166051
166160
166207
166232
166352
166426
166462
166471
166499
166596
166629
166724
166888
166902
166939
167135
167139
167142
167358
167490
167502
167644
167648
167655
167710
167724
167818
167829
167855
167973
168119
168164
168197
168205
168246
168363
168384
168397
168401
168416
168443
168447
168511
168528
168641
168676
168713
168721
168761
168800
168835
168900
169008
169037
169039
169133
169171
169175
169222
169250
169295
169421
169442
169537
169644
169654
169769
169897
378650
378666
378670
378676
378678
378679
378680
378692
378696
378712
378715
378722
378736
378744
378747
378759
378790
378824
378935
378938
378944
378958
379007
379008
379026
379030
379035
379038
379042
379043
379050
379051
379054
379061
379074
379077
379084
379097
166610
379173
379175
379176
379179
379180
379182
379191
379201
379211
379225
379261
379281
379283
379299
379300
379322
379324
379335
379344
379359
379360
379362
379367
379370
379377
379380
379382
379386
379396
379407
379429
379447
379448
379458
379463
379465
379470
379475
379506
379511
379541
379582
379769
379839
379862
379866
379886
379915
379939
379975
379976
379990
379996
380005
380012
380020
380031
380055
380056
380086
380112
380114
380118
380152
380157
380159
380161
380164
380166
380169
380181
380199
380209
380215
380217
380221
380231
380239
380275
380329
380345
380346
380349
380361
380379
380384
380393
380402
380411
380419
380422
380425
380426
380432
380433
380438
380476
380487
380519
380521
380523
380531
380538
380539
380542
380545
380546
380553
380556
380563
380564
380577
380579
380587
380606
380609
380618
380623
380636
380640
380655
380656
380662
380671
380680
380706
380716
380717
380722
380727
380746
380751
380763
380764
380774
380779
380786
380825
380861
380862
380884
380885
380889
380895
380903
380911
380929
380932
380936
380943
380946
380959
380974
381005
381015
381030
381056
381057
381083
381085
381086
381094
381098
381123
381139
381180
164090
381194
381231
381235
381255
381266
381279
381280
381282
381284
381290
381302
381313
381399
381403
381411
381417
381418
381422
168036
381437
381441
381472
381527
381599
381602
381612
381616
381626
381631
381632
381638
381656
381677
381690
381745
381747
381753
381774
381776
381780
381782
381815
381829
381835
381845
381847
381862
381869
381875
381880
381898
381908
381919
381924
381932
381945
381955
163393
381978
381979
381989
381990
381993
381998
382017
382018
382020
382024
161366
382034
382051
382053
382054
382069
382074
382075
382083
382088
382094
382099
382102
382114
382135
382136
382137
382142
382145
382159
382167
382174
382182
382190
382200
382203
382210
382211
382214
382225
382234
382247
382253
382268
382277
382282
382288
382299
382305
382310
382314
382316
382322
382323
382325
382337
382347
382352
382362
382363
382365
382381
382382
382391
382394
382395
382406
382415
382422
382434
382442
382444
382445
382446
382457
382458
382464
382472
382473
382477
382527
382547
382551
382557
382560
382563
382566
382576
382583
382587
382591
382600
382620
382622
382630
382631
382640
382647
382649
382656
382661
382662
382677
382679
382680
382698
382703
382706
382708
382723
382732
382743
382744
382745
382750
382766
382768
382771
382776
382777
382782
382786
382790
382793
382803
382804
382817
382822
382836
382853
382863
382871
382878
382883
382884
382887
382896
382897
382901
382911
382912
382914
382918
382928
382932
382934
382935
382943
382945
382946
382947
382952
382962
382968
382971
382987
382998
383037
383067
383087
383088
383102
383107
383113
383114
383117
383128
383133
383142
383145
383167
383177
383201
383203
383218
383223
383236
383246
383258
383276
383277
383279
383288
383290
383292
383305
383311
383316
383324
383331
383344
383354
383356
383361
383373
383382
383390
383391
383397
383399
383404
383409
383410
383411
383413
383414
383426
383433
383438
383442
383456
383457
383458
383467
383472
383490
383491
383497
383503
383506
383512
383514
383516
383521
383535
383538
383543
383552
383556
383561
383572
383574
383575
383580
383582
383588
383592
383596
383598
383603
383604
383607
383611
383617
383621
383622
383623
383627
383628
383643
383644
383645
383646
383647
383652
383654
383656
383658
383659
383665
383684
383686
383687
383706
383752
383787
383790
383805
383806
383808
383809
383814
383816
383820
383826
383844
383851
383859
383865
383871
383881
383892
383895
383898
383899
383903
383904
383917
383918
383949
383953
383962
383970
383971
383977
383979
383980
383981
383986
384019
384031
384036
384046
384049
384050
384069
384074
384076
384100
384112
384119
384120
384125
384128
384131
384143
384155
384157
384162
384165
384167
384171
384177
384182
384185
384189
384193
384195
384202
384205
384216
384243
384244
384256
384259
384262
384263
384264
384270
384271
384276
384277
384279
384283
384285
384288
384293
384297
384310
384313
384314
384317
384318
384326
384328
384329
384332
384334
384349
384350
384356
384368
384369
384372
384375
384379
384380
384384
384385
384392
384405
384414
384420
384421
384438
384442
384447
384448
384451
384454
384458
384460
384462
384476
384484
384486
384492
384496
384497
384516
384517
384526
384533
384535
384569
384575
384577
384580
384582
384588
384604
384610
384616
384617
384619
384632
384639
384644
384646
384649
384657
384660
384661
384663
384665
384671
384672
384679
384681
384683
384690
384691
384693
384704
384712
384719
384720
384724
384738
384739
384740
384743
384744
384754
384761
384774
384780
384783
384807
384809
384840
384969
384979
384980
384984
384988
385010
385012
385013
385014
385015
385019
385021
385023
385027
385028
385038
385042
385045
385046
385048
385050
385051
385052
385053
385054
385055
385056
385057
385058
385059
385060
385062
385069
385072
385076
385077
385079
385080
385081
385083
385098
385101
385102
385106
385110
385112
385113
385116
385118
385123
385126
385127
385128
385129
385130
385132
385139
385142
385143
385144
385145
385146
385147
385148
385152
385157
385164
385169
385173
385179
385180
385181
385184
385185
385186
385190
385192
385195
157978
385200
385213
385217
385218
385221
385224
385234
385248
385250
385251
385256
385266
385267
385269
385272
385274
385276
385277
385278
385284
385296
385297
385299
385303
385310
385311
385312
385315
385316
385317
385322
385323
385336
385338
385350
385351
385352
385374
385378
385379
385380
385381
385382
385387
385388
385389
385390
385393
168965
385397
385418
385421
385422
385427
385430
385433
385439
385464
385593
385646
385666
385667
385687
385695
385719
385721
385748
385759
385771
385876
385914
385941
385951
385952
385979
386021
386022
386025
386037
386074
386101
386180
386215
386296
386330
386445
386491
386533
386534
386587
386603
386609
386612
386648
386678
386681
386703
386712
386722
386759
386768
386769
386788
386797
386798
386799
386801
386817
386821
386838
386847
386848
386866
386898
386906
386907
386921
386926
386937
386945
386946
386964
386971
386995
386997
387038
387039
387052
387053
387054
387058
387080
387081
387082
387085
387157
387178
387213
387214
387231
387271
387285
387294
387323
387348
387380
387410
387430
387436
387437
387471
387475
387477
387563
387600
387619
387633
387636
387663
387670
387705
387749
157825
387839
387879
387882
387885
387886
387888
387906
387907
387909
387922
387937
387954
387963
387970
388019
388021
388052
388053
388057
388077
388098
388101
388102
388103
388105
388108
388113
388114
388116
388117
388124
388127
388129
388146
388158
388163
388167
388172
388173
388181
388189
388190
388191
388198
388199
388200
388202
388203
388207
388210
388211
388212
388216
388226
388230
388239
388240
388241
388242
388245
388248
388250
388251
388252
388253
388254
388263
388264
388265
388269
388272
388273
388282
388301
388302
388313
388314
388318
388319
388321
388322
388328
388329
388348
388356
388358
388362
388365
388367
388370
388371
388373
388378
388393
388401
388409
388411
388413
388415
388421
388422
388424
388432
388444
388446
388447
388450
388459
388471
388472
388473
388474
388479
388490
388492
388506
388507
388513
388517
388521
388523
388535
388539
388573
388585
388592
388593
388595
388596
388608
388618
388623
388642
388662
388664
388669
388671
388672
388676
388677
388678
388686
388690
388691
388694
388695
388696
388697
388698
388699
388724
388725
388728
388729
388731
388733
388736
388741
388747
388750
388752
388758
388759
388761
388770
388771
388774
388776
388787
388788
388790
388798
388812
388815
388816
388818
388820
388821
388822
388823
388832
388834
388837
388839
388843
388846
388847
388848
388856
388857
388858
388864
388866
388872
388873
388875
388876
158622
388884
388889
388892
388895
388916
388965
389129
389171
389182
389183
389210
389242
389255
389262
389292
389321
389324
389391
389411
389426
389454
389529
389537
389583
389592
389630
389715
389776
389806
389823
389838
389874
389906
389907
389942
389954
390010
390015
390068
390250
390256
390277
390280
390283
390285
390301
390302
390306
390315
390334
390355
390357
390360
390366
390386
390392
390407
390435
390436
390440
390450
390455
390456
390457
390464
390465
390466
390467
390468
390472
390473
390475
390478
390479
390480
390483
390494
390495
390496
390499
390501
390506
390507
390516
390517
390520
390531
390532
390538
390541
390545
390556
390557
390558
390560
390562
390563
390569
390574
390575
390576
390577
390579
390587
390591
390602
390606
167501
390609
390611
390613
390614
390615
390619
390620
390621
390623
166019
390624
390625
390626
390629
390632
390633
390637
390638
390641
390649
390652
157883
390653
390655
390658
390664
390666
390667
390670
390673
390675
390676
166682
390680
390681
390682
390684
390685
390687
390695
390697
390702
390705
390706
390708
390710
390711
390731
390733
390734
390736
390750
390758
390777
390779
390780
390788
162812
390797
390799
390803
390804
390805
390810
390815
390822
390826
390828
390842
390870
390872
390874
390921
390924
390932
390950
390951
390957
390959
390960
390962
168837
390965
390975
390976
390980
390982
390983
390986
390987
390988
390991
390992
390993
391009
391011
391012
391013
391018
391027
391032
391034
391045
391046
391047
391049
391056
391060
162791
391063
391067
391069
391070
391081
391084
391089
391090
391091
391095
391097
391098
391105
391106
391110
391111
391112
391119
391126
391129
391130
391136
391137
391140
391141
391142
391145
391147
391148
391158
391161
391166
391171
391172
391180
391188
391190
391203
391209
391210
391212
391214
391219
391221
391226
391227
391230
391231
391241
391246
391248
391252
391253
391254
391256
391257
391258
391259
391264
391266
391267
391268
391271
168955
391277
391285
391286
391287
391291
391292
391293
391294
391298
391303
391356
391362
391388
391389
161718
391398
391408
391419
391420
391428
391429
391432
391434
391437
391440
391442
391446
391451
391452
391453
391456
391457
391464
391494
391505
391511
391560
391622
391623
391627
391629
391631
391632
391636
391637
391641
391649
391667
391671
391699
391700
391701
391706
391709
391711
391715
391718
391719
391722
391723
391725
391730
391732
391739
168756
162489
391748
391750
391755
391764
391765
391781
391785
391786
391821
391837
391851
391874
391905
391915
391946
391950
391960
391967
392005
392164
392180
392183
392188
392192
392198
392224
392232
392262
392273
392276
392278
392285
392288
392289
392290
392291
392299
392306
392309
392310
392311
392312
392313
392314
392315
392316
392320
392337
392368
392382
392383
392391
392394
392395
392405
392406
392412
392413
392433
392446
392476
392496
392497
392498
392504
392518
392531
392533
392555
392557
392560
392573
392581
392590
392592
392593
392594
392596
392597
392600
392608
392655
392661
392663
392669
392670
392671
392672
392677
392688
392697
392733
392736
392737
392751
392754
392761
392763
392766
392782
392795
392805
392807
392808
392809
392810
392813
392833
392836
392840
392843
392846
392848
392849
392879
392882
392887
392888
392894
392900
392910
392947
392953
392960
393000
393009
393019
393022
393023
393026
393035
393101
393123
393130
393131
393154
393171
393186
393188
393195
393200
393221
393234
393243
393244
393247
393256
393258
393262
393273
393283
393318
393320
393341
393347
393356
393372
393373
393375
393376
393378
393379
393395
393425
393427
393428
393431
393446
393447
393461
393466
393472
393475
393478
393479
161378
393482
393494
393508
393526
393535
393559
393577
393586
393602
393605
393609
393634
393640
393646
393672
393697
393698
393701
393703
393706
393720
393723
393724
393725
393726
393737
393738
393739
393741
393747
393749
165064
393756
393757
393758
393759
393760
393761
393762
393768
393769
393772
393774
393775
393777
393779
393780
393781
393782
393783
393784
393806
393807
393827
393834
393917
393938
393940
393943
393950
393961
393986
393989
